100.00000000000000000000	0.00000000000000000000
110.00000000000000000000	0.00000000000000000000
120.00000000000000000000	0.00000000000000000000
130.00000000000000000000	0.00000000000000000000
140.00000000000000000000	0.00000000000000000000
150.00000000000000000000	0.00000000000000000000
160.00000000000000000000	0.00000000000000000000
170.00000000000000000000	0.00000000000000000000
180.00000000000000000000	0.00000000000000000000
190.00000000000000000000	0.00000000000000000000
200.00000000000000000000	0.00000000000000000000
210.00000000000000000000	0.00000000000000000000
220.00000000000000000000	0.00000000000000000000
230.00000000000000000000	0.00000000000000000000
240.00000000000000000000	0.00000000000000000000
250.00000000000000000000	0.00000000000000000000
260.00000000000000000000	0.00000000000000000000
270.00000000000000000000	0.00000000000000000000
280.00000000000000000000	0.00000000000000000000
290.00000000000000000000	0.00000000000000000000
300.00000000000000000000	0.00000000000000000000
310.00000000000000000000	0.00000000000000000000
320.00000000000000000000	0.00000000000000000000
330.00000000000000000000	0.00000000000000000000
340.00000000000000000000	0.00000000000000000000
350.00000000000000000000	0.00000000000000000000
360.00000000000000000000	0.00000000000000000000
370.00000000000000000000	0.00000000000000000000
380.00000000000000000000	0.00000000000000000000
390.00000000000000000000	0.00000000000000000000
400.00000000000000000000	0.00000000000000000000
410.00000000000000000000	0.00000000000000000000
420.00000000000000000000	0.00000000000000000000
430.00000000000000000000	0.00000000000000000000
440.00000000000000000000	0.00000000000000000000
450.00000000000000000000	0.00000000000000000000
460.00000000000000000000	0.00000000000000000000
470.00000000000000000000	0.00000000000000000000
480.00000000000000000000	0.00000000000000000000
490.00000000000000000000	0.00000000000000000000
500.00000000000000000000	0.00000000000000000000
510.00000000000000000000	0.00000000000000000000
520.00000000000000000000	0.00000000000000000000
530.00000000000000000000	0.00000000000000000000
540.00000000000000000000	0.00000000000000000000
550.00000000000000000000	0.00000000000000000000
560.00000000000000000000	0.00000000000000000000
570.00000000000000000000	0.00000000000000000000
580.00000000000000000000	0.00000000000000000000
590.00000000000000000000	0.00000000000000000000
600.00000000000000000000	0.00000000000000000000
610.00000000000000000000	0.00000000000000000000
620.00000000000000000000	0.00000000000000000000
630.00000000000000000000	0.00000000000000000000
640.00000000000000000000	0.00000000000000000000
650.00000000000000000000	0.00000000000000000000
660.00000000000000000000	0.00000000000000000000
670.00000000000000000000	0.00000000000000000000
680.00000000000000000000	0.00000000000000000000
690.00000000000000000000	0.00000000000000000000
700.00000000000000000000	0.00000000000000000000
710.00000000000000000000	0.00000000000000000000
720.00000000000000000000	0.00000000000000000000
730.00000000000000000000	0.00000000000000000000
740.00000000000000000000	0.00000000000000000000
750.00000000000000000000	0.00000000000000000000
760.00000000000000000000	0.00000000000000000000
770.00000000000000000000	0.00000000000000000000
780.00000000000000000000	0.00000000000000000000
790.00000000000000000000	0.00000000000000000000
800.00000000000000000000	0.00000000000000000000
810.00000000000000000000	0.00000000000000000000
820.00000000000000000000	0.00000000000000000000
830.00000000000000000000	0.00000000000000000000
840.00000000000000000000	0.00000000000000000000
850.00000000000000000000	0.00000000000000000000
860.00000000000000000000	0.00000000000000000000
870.00000000000000000000	0.00000000000000000000
880.00000000000000000000	0.00000000000000000000
890.00000000000000000000	0.00000000000000000000
900.00000000000000000000	0.00000000000000000000
910.00000000000000000000	0.00000000000000000000
920.00000000000000000000	0.00000000000000000000
930.00000000000000000000	0.00000000000000000000
940.00000000000000000000	0.00000000000000000000
950.00000000000000000000	0.00000000000000000000
960.00000000000000000000	0.00000000000000000000
970.00000000000000000000	0.00000000000000000000
980.00000000000000000000	0.00000000000000000000
990.00000000000000000000	0.00000000000000000000
1000.00000000000000000000	0.00000000000000000000
1100.00000000000000000000	0.00000000000000000000
1200.00000000000000000000	0.00000000000000000000
1300.00000000000000000000	0.00000000000000000000
1400.00000000000000000000	0.00000000000000000000
1500.00000000000000000000	0.00000000000000000000
1600.00000000000000000000	0.00000000000000000000
1700.00000000000000000000	0.00000000000000000000
1800.00000000000000000000	0.00000000000000000000
1900.00000000000000000000	0.00000000000000000000
2000.00000000000000000000	0.00000000000000000000
2100.00000000000000000000	0.00000000000000000000
2200.00000000000000000000	0.00000000000000000000
2300.00000000000000000000	0.00000000000000000000
2400.00000000000000000000	0.00000000000000000000
2500.00000000000000000000	0.00000000000000000000
2600.00000000000000000000	0.00000000000000000000
2700.00000000000000000000	0.00000000000000000000
2800.00000000000000000000	0.00000000000000000000
2900.00000000000000000000	0.00000000000000000000
3000.00000000000000000000	0.00000000000000000000
3100.00000000000000000000	0.00000000000000000000
3200.00000000000000000000	0.00000000000000000000
3300.00000000000000000000	0.00000000000000000000
3400.00000000000000000000	0.00000000000000000000
3500.00000000000000000000	0.00000000000000000000
3600.00000000000000000000	0.00000000000000000000
3700.00000000000000000000	0.00000000000000000000
3800.00000000000000000000	0.00000000000000000000
3900.00000000000000000000	0.00000000000000000000
4000.00000000000000000000	0.00000000000000000000
4100.00000000000000000000	0.00000000000000000000
4200.00000000000000000000	0.00000000000000000000
4300.00000000000000000000	0.00000000000000000000
4400.00000000000000000000	0.00000000000000000000
4500.00000000000000000000	0.00000000000000000000
4600.00000000000000000000	0.00000000000000000000
4700.00000000000000000000	0.00000000000000000000
4800.00000000000000000000	0.00000000000000000000
4900.00000000000000000000	0.00000000000000000000
5000.00000000000000000000	0.00000000000000000000
5100.00000000000000000000	0.00000000000000000000
5200.00000000000000000000	0.00000000000000000000
5300.00000000000000000000	0.00000000000000000000
5400.00000000000000000000	0.00000000000000000000
5500.00000000000000000000	0.00000000000000000000
5600.00000000000000000000	0.00000000000000000000
5700.00000000000000000000	0.00000000000000000000
5800.00000000000000000000	0.00000000000000000000
5900.00000000000000000000	0.00000000000000000000
6000.00000000000000000000	0.00000000000000000000
6100.00000000000000000000	0.00000000000000000000
6200.00000000000000000000	0.00000000000000000000
6300.00000000000000000000	0.00000000000000000000
6400.00000000000000000000	0.00000000000000000000
6500.00000000000000000000	0.00000000000000000000
6600.00000000000000000000	0.00000000000000000000
6700.00000000000000000000	0.00000000000000000000
6800.00000000000000000000	0.00000000000000000000
6900.00000000000000000000	0.00000000000000000000
7000.00000000000000000000	0.00000000000000000000
7100.00000000000000000000	0.00000000000000000000
7200.00000000000000000000	0.00000657191193172154
7300.00000000000000000000	0.00014953561013019589
7400.00000000000000000000	0.00046910186181595707
7500.00000000000000000000	0.00095220594969703252
7600.00000000000000000000	0.00158751110926266424
7700.00000000000000000000	0.00236390254247919413
7800.00000000000000000000	0.00327295511195865212
7900.00000000000000000000	0.00430395741334200187
8000.00000000000000000000	0.00544837418775305938
8100.00000000000000000000	0.00669771080802572440
8200.00000000000000000000	0.00806675798913174952
8300.00000000000000000000	0.00953739995574250446
8400.00000000000000000000	0.01109230348714852245
8500.00000000000000000000	0.01272497899968256033
8600.00000000000000000000	0.01442705652873651177
8700.00000000000000000000	0.01619148764722933356
8800.00000000000000000000	0.01801773525185340966
8900.00000000000000000000	0.01990109761867377147
9000.00000000000000000000	0.02183658990796970636
9100.00000000000000000000	0.02381391811458018204
9200.00000000000000000000	0.02583652160322517585
9300.00000000000000000000	0.02790059775182337359
9400.00000000000000000000	0.03000258105999513772
9500.00000000000000000000	0.03213458639321133126
9600.00000000000000000000	0.03429708289664312737
9700.00000000000000000000	0.03648936861078632549
9800.00000000000000000000	0.03870846849017325897
9900.00000000000000000000	0.04094876219805392709
10000.00000000000000000000	0.04320831716445346082
11000.00000000000000000000	0.06657717541534770300
12000.00000000000000000000	0.09040536132490921417
13000.00000000000000000000	0.11385583489976321137
14000.00000000000000000000	0.13649001168953930896
15000.00000000000000000000	0.15808498823875868911
16000.00000000000000000000	0.17854548407086576201
17000.00000000000000000000	0.19785694609258769328
18000.00000000000000000000	0.21604586333890915539
19000.00000000000000000000	0.23316145363425880288
20000.00000000000000000000	0.24926698753419940235
21000.00000000000000000000	0.26442883738869199517
22000.00000000000000000000	0.27871336845682326278
23000.00000000000000000000	0.29218568258578986319
24000.00000000000000000000	0.30490693740558549862
25000.00000000000000000000	0.31693362549566927999
26000.00000000000000000000	0.32831840818765894996
27000.00000000000000000000	0.33911001100902654626
28000.00000000000000000000	0.34935242014126738352
29000.00000000000000000000	0.35908586135214237700
30000.00000000000000000000	0.36834741118290986739
31000.00000000000000000000	0.37717061503594234706
32000.00000000000000000000	0.38558611752392935035
33000.00000000000000000000	0.39362201126076074020
34000.00000000000000000000	0.40130382675478265542
35000.00000000000000000000	0.40865491572812839838
36000.00000000000000000000	0.41569683123514472589
37000.00000000000000000000	0.42244924587235638258
38000.00000000000000000000	0.42893008709308916293
39000.00000000000000000000	0.43515606250137434108
40000.00000000000000000000	0.44114249294923407740
41000.00000000000000000000	0.44690339350830232679
42000.00000000000000000000	0.45245186005231941007
43000.00000000000000000000	0.45779995515256843852
44000.00000000000000000000	0.46295876078080933080
45000.00000000000000000000	0.46793869823807249242
46000.00000000000000000000	0.47274936834480163483
47000.00000000000000000000	0.47739968295003076815
48000.00000000000000000000	0.48189794772166244519
49000.00000000000000000000	0.48625194349041578334
50000.00000000000000000000	0.49046884688886194237
51000.00000000000000000000	0.49455543382441952138
52000.00000000000000000000	0.49851804031814317408
53000.00000000000000000000	0.50236257180402543732
54000.00000000000000000000	0.50609460556262375608
55000.00000000000000000000	0.50971927002167005671
56000.00000000000000000000	0.51324150613066032989
57000.00000000000000000000	0.51666590390452937775
58000.00000000000000000000	0.51999672135969454700
59000.00000000000000000000	0.52323810334424691870
60000.00000000000000000000	0.52639383939887307573
61000.00000000000000000000	0.52946756994021848541
62000.00000000000000000000	0.53246264589245195786
63000.00000000000000000000	0.53538233840417071008
64000.00000000000000000000	0.53822975146681273362
65000.00000000000000000000	0.54100765183693788618
66000.00000000000000000000	0.54371888236004550787
67000.00000000000000000000	0.54636600511222699339
68000.00000000000000000000	0.54895143169311577669
69000.00000000000000000000	0.55147755259491004765
70000.00000000000000000000	0.55394654905325935168
71000.00000000000000000000	0.55636058110956831957
72000.00000000000000000000	0.55872157097155938921
73000.00000000000000000000	0.56103144872603438742
74000.00000000000000000000	0.56329206884044136228
75000.00000000000000000000	0.56550510510934060004
76000.00000000000000000000	0.56767227832366595752
77000.00000000000000000000	0.56979507736257617445
78000.00000000000000000000	0.57187504779772191377
79000.00000000000000000000	0.57391357074370241698
80000.00000000000000000000	0.57591208996320286673
81000.00000000000000000000	0.57787186413208135871
82000.00000000000000000000	0.57979419520084196638
83000.00000000000000000000	0.58168019751498767356
84000.00000000000000000000	0.58353108187699465059
85000.00000000000000000000	0.58534793137992224832
86000.00000000000000000000	0.58713173521304018454
87000.00000000000000000000	0.58888360046762533440
88000.00000000000000000000	0.59060443113026173112
89000.00000000000000000000	0.59229521421580788587
90000.00000000000000000000	0.59395673311193852850
91000.00000000000000000000	0.59558992411826572333
92000.00000000000000000000	0.59719559458538717944
93000.00000000000000000000	0.59877453893717069722
94000.00000000000000000000	0.60032744657919923092
95000.00000000000000000000	0.60185514569465192736
96000.00000000000000000000	0.60335828331083862786
97000.00000000000000000000	0.60483757033575191731
98000.00000000000000000000	0.60629358683774636773
99000.00000000000000000000	0.60772702397911926298
100000.00000000000000000000	0.60913846452281139587
110000.00000000000000000000	0.62216143003822821367
120000.00000000000000000000	0.63351242999478962759
130000.00000000000000000000	0.64353904664997740870
140000.00000000000000000000	0.65249620102854577475
150000.00000000000000000000	0.66057532997353374249
160000.00000000000000000000	0.66792301795508601803
170000.00000000000000000000	0.67465356024843492477
180000.00000000000000000000	0.68085755561379068812
190000.00000000000000000000	0.68660772749907872381
200000.00000000000000000000	0.69196321451062203778
210000.00000000000000000000	0.69697269311257692426
220000.00000000000000000000	0.70167657173179132091
230000.00000000000000000000	0.70610888414307304561
240000.00000000000000000000	0.71029824244429418112
250000.00000000000000000000	0.71426919641012887041
260000.00000000000000000000	0.71804274360105546648
270000.00000000000000000000	0.72163703379673005411
280000.00000000000000000000	0.72506791124808123161
290000.00000000000000000000	0.72834920110418743810
300000.00000000000000000000	0.73149304089771549631
310000.00000000000000000000	0.73451019886535229286
320000.00000000000000000000	0.73741023469996669348
330000.00000000000000000000	0.74020165978201790669
340000.00000000000000000000	0.74289208990571053981
350000.00000000000000000000	0.74548835059235074585
360000.00000000000000000000	0.74799660339859730396
370000.00000000000000000000	0.75042247185941746146
380000.00000000000000000000	0.75277100789632600542
390000.00000000000000000000	0.75504683465670652254
400000.00000000000000000000	0.75725415530684181409
410000.00000000000000000000	0.75939682194992219610
420000.00000000000000000000	0.76147838096590581003
430000.00000000000000000000	0.76350209752836151189
440000.00000000000000000000	0.76547094768506096507
450000.00000000000000000000	0.76738770129378619522
460000.00000000000000000000	0.76925494559186191612
470000.00000000000000000000	0.77107506145097715056
480000.00000000000000000000	0.77285023002516228807
490000.00000000000000000000	0.77458252924069415091
500000.00000000000000000000	0.77627388500715543973
510000.00000000000000000000	0.77792606358883131801
520000.00000000000000000000	0.77954075286158686087
530000.00000000000000000000	0.78111953677889123249
540000.00000000000000000000	0.78266389514059742094
550000.00000000000000000000	0.78417517103475842255
560000.00000000000000000000	0.78565470735159670390
570000.00000000000000000000	0.78710372597510158688
580000.00000000000000000000	0.78852334963848502714
590000.00000000000000000000	0.78991470241674766051
600000.00000000000000000000	0.79127879395558597952
610000.00000000000000000000	0.79261662621407946716
620000.00000000000000000000	0.79392906522417372450
630000.00000000000000000000	0.79521705445483548136
640000.00000000000000000000	0.79648140784607257547
650000.00000000000000000000	0.79772287847895873014
660000.00000000000000000000	0.79894226774979271166
670000.00000000000000000000	0.80014024861648325171
680000.00000000000000000000	0.80131750693974479471
690000.00000000000000000000	0.80247470448657676201
700000.00000000000000000000	0.80361247275964231562
710000.00000000000000000000	0.80473138755692663615
720000.00000000000000000000	0.80583199281651396451
730000.00000000000000000000	0.80691483000959918215
740000.00000000000000000000	0.80798043131075858447
750000.00000000000000000000	0.80902930111661386370
760000.00000000000000000000	0.81006189185616694903
770000.00000000000000000000	0.81107865040069315743
780000.00000000000000000000	0.81208003252253890825
790000.00000000000000000000	0.81306643196578265442
800000.00000000000000000000	0.81403824477544939331
810000.00000000000000000000	0.81499589764759605703
820000.00000000000000000000	0.81593970924899184016
830000.00000000000000000000	0.81687005404661183761
840000.00000000000000000000	0.81778728365836073078
850000.00000000000000000000	0.81869172835202963512
860000.00000000000000000000	0.81958368645753476578
870000.00000000000000000000	0.82046346105107714752
880000.00000000000000000000	0.82133138194868593462
890000.00000000000000000000	0.82218768890617188738
900000.00000000000000000000	0.82303266835880994901
910000.00000000000000000000	0.82386660380650456048
920000.00000000000000000000	0.82468973859301664131
930000.00000000000000000000	0.82550231763045744948
940000.00000000000000000000	0.82630458189122424351
950000.00000000000000000000	0.82709674034512958851
960000.00000000000000000000	0.82787906876951578017
970000.00000000000000000000	0.82865171105810364605
980000.00000000000000000000	0.82941492966113183893
990000.00000000000000000000	0.83016891855251118137
1000000.00000000000000000000	0.83091386431633751375
1100000.00000000000000000000	0.83790496104478973116
1200000.00000000000000000000	0.84416870008704025796
1300000.00000000000000000000	0.84982738566242754796
1400000.00000000000000000000	0.85497536740863400162
1500000.00000000000000000000	0.85968691114142448129
1600000.00000000000000000000	0.86402151766673818134
1700000.00000000000000000000	0.86802761249463133986
1800000.00000000000000000000	0.87174502429032729722
1900000.00000000000000000000	0.87520704478746269572
2000000.00000000000000000000	0.87844167308264897720
2100000.00000000000000000000	0.88147267943904061838
2200000.00000000000000000000	0.88432046620113669011
2300000.00000000000000000000	0.88700261793107626485
2400000.00000000000000000000	0.88953437882438968209
2500000.00000000000000000000	0.89192911859878853953
2600000.00000000000000000000	0.89419853628632905984
2700000.00000000000000000000	0.89635298686886855091
2800000.00000000000000000000	0.89840165316242948101
2900000.00000000000000000000	0.90035269332968570488
3000000.00000000000000000000	0.90221342368434065406
3100000.00000000000000000000	0.90399040163422317296
3200000.00000000000000000000	0.90568954641403465189
3300000.00000000000000000000	0.90731619724086653989
3400000.00000000000000000000	0.90887519325662391445
3500000.00000000000000000000	0.91037094542149843424
3600000.00000000000000000000	0.91180745108742367044
3700000.00000000000000000000	0.91318836747304454882
3800000.00000000000000000000	0.91451706997381121411
3900000.00000000000000000000	0.91579661133895706726
4000000.00000000000000000000	0.91702981233311198217
4100000.00000000000000000000	0.91821933470515038067
4200000.00000000000000000000	0.91936754737788051184
4300000.00000000000000000000	0.92047671150331711321
4400000.00000000000000000000	0.92154886783972567166
4500000.00000000000000000000	0.92258591206415396790
4600000.00000000000000000000	0.92358967380448309115
4700000.00000000000000000000	0.92456180849729030502
4800000.00000000000000000000	0.92550382727205948719
4900000.00000000000000000000	0.92641721937026577649
5000000.00000000000000000000	0.92730330303086694332
5100000.00000000000000000000	0.92816337016434902196
5200000.00000000000000000000	0.92899856548255610456
5300000.00000000000000000000	0.92981005245124193070
5400000.00000000000000000000	0.93059884529069936132
5500000.00000000000000000000	0.93136595349344053485
5600000.00000000000000000000	0.93211227619749470463
5700000.00000000000000000000	0.93283868109875400787
5800000.00000000000000000000	0.93354602280691156846
5900000.00000000000000000000	0.93423504477501928545
6000000.00000000000000000000	0.93490651010708525348
6100000.00000000000000000000	0.93556108620974998136
6200000.00000000000000000000	0.93619947166017869478
6300000.00000000000000000000	0.93682224251473045218
6400000.00000000000000000000	0.93743002284164356208
6500000.00000000000000000000	0.93802335014826987436
6600000.00000000000000000000	0.93860278735619129264
6700000.00000000000000000000	0.93916882719599559248
6800000.00000000000000000000	0.93972193411216053960
6900000.00000000000000000000	0.94026259388432498199
7000000.00000000000000000000	0.94079124583212236921
7100000.00000000000000000000	0.94130827826389651403
7200000.00000000000000000000	0.94181410393303899298
7300000.00000000000000000000	0.94230910520223176707
7400000.00000000000000000000	0.94279361935837258102
7500000.00000000000000000000	0.94326803348372534330
7600000.00000000000000000000	0.94373264842227067017
7700000.00000000000000000000	0.94418778978919182254
7800000.00000000000000000000	0.94463376046311153811
7900000.00000000000000000000	0.94507084897962922998
8000000.00000000000000000000	0.94549934733121332453
8100000.00000000000000000000	0.94591947582557855956
8200000.00000000000000000000	0.94633154089306426027
8300000.00000000000000000000	0.94673576761195088469
8400000.00000000000000000000	0.94713237675243877600
8500000.00000000000000000000	0.94752160662291151638
8600000.00000000000000000000	0.94790366346401799813
8700000.00000000000000000000	0.94827877422983575251
8800000.00000000000000000000	0.94864713438645120736
8900000.00000000000000000000	0.94900892845983342294
9000000.00000000000000000000	0.94936433561571909046
9100000.00000000000000000000	0.94971355163548942802
9200000.00000000000000000000	0.95005674207149182209
9300000.00000000000000000000	0.95039406949490612408
9400000.00000000000000000000	0.95072570118957788754
9500000.00000000000000000000	0.95105177307199761927
9600000.00000000000000000000	0.95137244750031613183
9700000.00000000000000000000	0.95168786117240944389
9800000.00000000000000000000	0.95199816822138072503
9900000.00000000000000000000	0.95230346494050088779
10000000.00000000000000000000	0.95260390838704256389
11000000.00000000000000000000	0.95536653832626217131
12000000.00000000000000000000	0.95775724108130899648
13000000.00000000000000000000	0.95985248788321508862
14000000.00000000000000000000	0.96170591816934547502
15000000.00000000000000000000	0.96331271317382938246
16000000.00000000000000000000	0.96470214598638026615
17000000.00000000000000000000	0.96591213293002742279
18000000.00000000000000000000	0.96697258209142600283
19000000.00000000000000000000	0.96790656560438348421
20000000.00000000000000000000	0.96872277609846779711
21000000.00000000000000000000	0.96945073109204393802
22000000.00000000000000000000	0.97010481349625232728
23000000.00000000000000000000	0.97069505240493503262
24000000.00000000000000000000	0.97122818580337832994
25000000.00000000000000000000	0.97171080364538353624
26000000.00000000000000000000	0.97214882849205275228
27000000.00000000000000000000	0.97254724520965984969
28000000.00000000000000000000	0.97290999091482133210
29000000.00000000000000000000	0.97324081121915961834
30000000.00000000000000000000	0.97354332819047373349
31000000.00000000000000000000	0.97382006572721568904
32000000.00000000000000000000	0.97407354308168037083
33000000.00000000000000000000	0.97430609152382929850
34000000.00000000000000000000	0.97451974520687378867
35000000.00000000000000000000	0.97471614770699033237
36000000.00000000000000000000	0.97489685787337010403
37000000.00000000000000000000	0.97506342436515758276
38000000.00000000000000000000	0.97521702975820367953
39000000.00000000000000000000	0.97535877898200240566
40000000.00000000000000000000	0.97548971778097104401
41000000.00000000000000000000	0.97561083051040631275
42000000.00000000000000000000	0.97572290228834601677
43000000.00000000000000000000	0.97582667242689613563
44000000.00000000000000000000	0.97592284877026824752
45000000.00000000000000000000	0.97601209704600944139
46000000.00000000000000000000	0.97609494999767776324
47000000.00000000000000000000	0.97617190567197853479
48000000.00000000000000000000	0.97624348722706755233
49000000.00000000000000000000	0.97631012227253333169
50000000.00000000000000000000	0.97637218414007787004
51000000.00000000000000000000	0.97643004788675802352
52000000.00000000000000000000	0.97648407915148771608
53000000.00000000000000000000	0.97653455376011288891
54000000.00000000000000000000	0.97658175457766804861
55000000.00000000000000000000	0.97662595216147374266
56000000.00000000000000000000	0.97666741968735426571
57000000.00000000000000000000	0.97670632570804927219
58000000.00000000000000000000	0.97674289876639708297
59000000.00000000000000000000	0.97677733145705647466
60000000.00000000000000000000	0.97680981206970851627
61000000.00000000000000000000	0.97684048215906171819
62000000.00000000000000000000	0.97686950084491253055
63000000.00000000000000000000	0.97689700946117030700
64000000.00000000000000000000	0.97692315156389863962
65000000.00000000000000000000	0.97694802789653656383
66000000.00000000000000000000	0.97697175031327287975
67000000.00000000000000000000	0.97699444550834346757
68000000.00000000000000000000	0.97701618628496522678
69000000.00000000000000000000	0.97703707702790987266
70000000.00000000000000000000	0.97705719375878241628
71000000.00000000000000000000	0.97707662851196408482
72000000.00000000000000000000	0.97709543764966022561
73000000.00000000000000000000	0.97711370435360667130
74000000.00000000000000000000	0.97713146942604689471
75000000.00000000000000000000	0.97714881845070356015
76000000.00000000000000000000	0.97716578851180180276
77000000.00000000000000000000	0.97718243336527976783
78000000.00000000000000000000	0.97719881147382725572
79000000.00000000000000000000	0.97721496491386772298
80000000.00000000000000000000	0.97723092741055550547
81000000.00000000000000000000	0.97724674592290605712
82000000.00000000000000000000	0.97726245116382592926
83000000.00000000000000000000	0.97727807343623396275
84000000.00000000000000000000	0.97729366662008954059
85000000.00000000000000000000	0.97730923085038001741
86000000.00000000000000000000	0.97732481234019719096
87000000.00000000000000000000	0.97734043279887683475
88000000.00000000000000000000	0.97735611873143657391
89000000.00000000000000000000	0.97737188788572948450
90000000.00000000000000000000	0.97738776760331125271
91000000.00000000000000000000	0.97740376529588390841
92000000.00000000000000000000	0.97741991491423729776
93000000.00000000000000000000	0.97743621803468727638
94000000.00000000000000000000	0.97745270522193461460
95000000.00000000000000000000	0.97746938348703404920
96000000.00000000000000000000	0.97748626857776177435
97000000.00000000000000000000	0.97750337131861897433
98000000.00000000000000000000	0.97752070587678963065
99000000.00000000000000000000	0.97753828804613307479
100000000.00000000000000000000	0.97755610764507216981
110000000.00000000000000000000	0.97775003497050338996
120000000.00000000000000000000	0.97797602867647526192
130000000.00000000000000000000	0.97823649635387666113
140000000.00000000000000000000	0.97853159952500046170
150000000.00000000000000000000	0.97886028276224412714
160000000.00000000000000000000	0.97922085899207655935
170000000.00000000000000000000	0.97961135020523415484
180000000.00000000000000000000	0.98002967199386825659
190000000.00000000000000000000	0.98047375614823373269
200000000.00000000000000000000	0.98094158529870334462
210000000.00000000000000000000	0.98143126885537546045
220000000.00000000000000000000	0.98194100947425644321
230000000.00000000000000000000	0.98246916207150047917
240000000.00000000000000000000	0.98301418554460984200
250000000.00000000000000000000	0.98357465587016623676
260000000.00000000000000000000	0.98414927438947585880
270000000.00000000000000000000	0.98473683317935034598
280000000.00000000000000000000	0.98533622730862691075
290000000.00000000000000000000	0.98594643549450855513
300000000.00000000000000000000	0.98656653199577060143
310000000.00000000000000000000	0.98719563656823450248
320000000.00000000000000000000	0.98783296951091326132
330000000.00000000000000000000	0.98847780049717592910
340000000.00000000000000000000	0.98912943725138702256
350000000.00000000000000000000	0.98978727549216549697
360000000.00000000000000000000	0.99045072348500939885
370000000.00000000000000000000	0.99111925586921345577
380000000.00000000000000000000	0.99179237763056748989
390000000.00000000000000000000	0.99246963407492683196
400000000.00000000000000000000	0.99315058991648841324
410000000.00000000000000000000	0.99383486652432995179
420000000.00000000000000000000	0.99452209122451507017
430000000.00000000000000000000	0.99521192540399205928
440000000.00000000000000000000	0.99590404529970344427
450000000.00000000000000000000	0.99659816882817131578
460000000.00000000000000000000	0.99729400872682505419
470000000.00000000000000000000	0.99799132283199343263
480000000.00000000000000000000	0.99868986386563451951
490000000.00000000000000000000	0.99938941599614783406
500000000.00000000000000000000	1.00008976828306894724
510000000.00000000000000000000	1.00079072564431958980
520000000.00000000000000000000	1.00149210582061165553
530000000.00000000000000000000	1.00219374104193925668
540000000.00000000000000000000	1.00289547394151123960
550000000.00000000000000000000	1.00359715924203918291
560000000.00000000000000000000	1.00429865107881588493
570000000.00000000000000000000	1.00499981630430745838
580000000.00000000000000000000	1.00570054155194021916
590000000.00000000000000000000	1.00640071086362725694
600000000.00000000000000000000	1.00710021743135214045
610000000.00000000000000000000	1.00779896253933420880
620000000.00000000000000000000	1.00849684731692068596
630000000.00000000000000000000	1.00919378452008756675
640000000.00000000000000000000	1.00988969389332683413
650000000.00000000000000000000	1.01058449492148372251
660000000.00000000000000000000	1.01127811839167747188
670000000.00000000000000000000	1.01197049604137156997
680000000.00000000000000000000	1.01266156367082005296
690000000.00000000000000000000	1.01335125839962092442
700000000.00000000000000000000	1.01403953135894631110
710000000.00000000000000000000	1.01472631904341747955
720000000.00000000000000000000	1.01541158070294379456
730000000.00000000000000000000	1.01609526359021051789
740000000.00000000000000000000	1.01677733649689505668
750000000.00000000000000000000	1.01745774267161159798
760000000.00000000000000000000	1.01813645581646006200
770000000.00000000000000000000	1.01881343931201828745
780000000.00000000000000000000	1.01948865597746762823
790000000.00000000000000000000	1.02016207987202123242
800000000.00000000000000000000	1.02083367951449321964
810000000.00000000000000000000	1.02150343083783656795
820000000.00000000000000000000	1.02217130489463770004
830000000.00000000000000000000	1.02283728178445021406
840000000.00000000000000000000	1.02350134385690050287
850000000.00000000000000000000	1.02416346208687958352
860000000.00000000000000000000	1.02482362795465875571
870000000.00000000000000000000	1.02548181260323190145
880000000.00000000000000000000	1.02613800960979983934
890000000.00000000000000000000	1.02679220398766268829
900000000.00000000000000000000	1.02744438558111328419
910000000.00000000000000000000	1.02809452601703377184
920000000.00000000000000000000	1.02874263268836330099
930000000.00000000000000000000	1.02938868301974717490
940000000.00000000000000000000	1.03003268084802490634
950000000.00000000000000000000	1.03067461192463283304
960000000.00000000000000000000	1.03131446470248722136
970000000.00000000000000000000	1.03195223501447874703
980000000.00000000000000000000	1.03258791784411707582
990000000.00000000000000000000	1.03322151348983881647
1000000000.00000000000000000000	1.03385301074799995646
1100000000.00000000000000000000	1.04005224181926170246
1200000000.00000000000000000000	1.04604132485017853327
1300000000.00000000000000000000	1.05182343070963990606
1400000000.00000000000000000000	1.05740400297068926072
1500000000.00000000000000000000	1.06278977952482955871
1600000000.00000000000000000000	1.06798816132096363596
1700000000.00000000000000000000	1.07300683152161346889
1800000000.00000000000000000000	1.07785350613598951419
1900000000.00000000000000000000	1.08253578848482034935
2000000000.00000000000000000000	1.08706105139557474004
2100000000.00000000000000000000	1.09143641311032957297
2200000000.00000000000000000000	1.09566867427159908566
2300000000.00000000000000000000	1.09976430646228839905
2400000000.00000000000000000000	1.10372949348104709699
2500000000.00000000000000000000	1.10757007887886249620
2600000000.00000000000000000000	1.11129160233302615168
2700000000.00000000000000000000	1.11489931594470004228
2800000000.00000000000000000000	1.11839817346032788237
2900000000.00000000000000000000	1.12179287299112240284
3000000000.00000000000000000000	1.12508785685148859912
3100000000.00000000000000000000	1.12828733371518241668
3200000000.00000000000000000000	1.13139527984283483342
3300000000.00000000000000000000	1.13441545583147496146
3400000000.00000000000000000000	1.13735143531505866754
3500000000.00000000000000000000	1.14020659840125571094
3600000000.00000000000000000000	1.14298413023602041250
3700000000.00000000000000000000	1.14568709803028445648
3800000000.00000000000000000000	1.14831836499307149424
3900000000.00000000000000000000	1.15088067728516474375
4000000000.00000000000000000000	1.15337664613616297515
4100000000.00000000000000000000	1.15580872045613114452
4200000000.00000000000000000000	1.15817928244077572586
4300000000.00000000000000000000	1.16049054607279633622
4400000000.00000000000000000000	1.16274465643087032696
4500000000.00000000000000000000	1.16494364651927462262
4600000000.00000000000000000000	1.16708944079465903876
4700000000.00000000000000000000	1.16918390585866660558
4800000000.00000000000000000000	1.17122878743817726566
4900000000.00000000000000000000	1.17322577314464382425
5000000000.00000000000000000000	1.17517647869150820839
5100000000.00000000000000000000	1.17708243221257502498
5200000000.00000000000000000000	1.17894511758552988923
5300000000.00000000000000000000	1.18076592233009680655
5400000000.00000000000000000000	1.18254619637835722834
5500000000.00000000000000000000	1.18428724226928583363
5600000000.00000000000000000000	1.18599028823004570832
5700000000.00000000000000000000	1.18765651675852890179
5800000000.00000000000000000000	1.18928707358082030865
5900000000.00000000000000000000	1.19088303022966579547
6000000000.00000000000000000000	1.19244543965896054871
6100000000.00000000000000000000	1.19397531517077792884
6200000000.00000000000000000000	1.19547362206975260612
6300000000.00000000000000000000	1.19694127200562405733
6400000000.00000000000000000000	1.19837917572228169760
6500000000.00000000000000000000	1.19978817075152699445
6600000000.00000000000000000000	1.20116909867119892041
6700000000.00000000000000000000	1.20252275177243928006
6800000000.00000000000000000000	1.20384988413159166321
6900000000.00000000000000000000	1.20515124182837318756
7000000000.00000000000000000000	1.20642753814687142544
7100000000.00000000000000000000	1.20767944052191777971
7200000000.00000000000000000000	1.20890762497173964718
7300000000.00000000000000000000	1.21011272636996780605
7400000000.00000000000000000000	1.21129534383468451253
7500000000.00000000000000000000	1.21245608619134292994
7600000000.00000000000000000000	1.21359552410363069619
7700000000.00000000000000000000	1.21471419647932421526
7800000000.00000000000000000000	1.21581265300055374468
7900000000.00000000000000000000	1.21689139991608930025
8000000000.00000000000000000000	1.21795094050392971319
8100000000.00000000000000000000	1.21899175465860309941
8200000000.00000000000000000000	1.22001431152470263264
8300000000.00000000000000000000	1.22101905629364737571
8400000000.00000000000000000000	1.22200642948662463461
8500000000.00000000000000000000	1.22297685504781572519
8600000000.00000000000000000000	1.22393073632435767095
8700000000.00000000000000000000	1.22486846854110220661
8800000000.00000000000000000000	1.22579043726785852364
8900000000.00000000000000000000	1.22669702637988442540
9000000000.00000000000000000000	1.22758858351113597784
9100000000.00000000000000000000	1.22846546544799073430
9200000000.00000000000000000000	1.22932800871332048587
9300000000.00000000000000000000	1.23017654584971913856
9400000000.00000000000000000000	1.23101138625388850656
9500000000.00000000000000000000	1.23183285452616475553
9600000000.00000000000000000000	1.23264123376643719432
9700000000.00000000000000000000	1.23343682758883788075
9800000000.00000000000000000000	1.23421990765099387488
9900000000.00000000000000000000	1.23499075787107215341
10000000000.00000000000000000000	1.23574964700578404653
11000000000.00000000000000000000	1.24273414911333213162
12000000000.00000000000000000000	1.24876698634406979593
13000000000.00000000000000000000	1.25402005563630436491
14000000000.00000000000000000000	1.25862690136954902265
15000000000.00000000000000000000	1.26269282212172440083
16000000000.00000000000000000000	1.26630190304348722030
17000000000.00000000000000000000	1.26952205934954065469
18000000000.00000000000000000000	1.27240871968037549955
19000000000.00000000000000000000	1.27500752761390678813
20000000000.00000000000000000000	1.27735640349882895173
21000000000.00000000000000000000	1.27948707655462312616
22000000000.00000000000000000000	1.28142629757337345175
23000000000.00000000000000000000	1.28319675396629628850
24000000000.00000000000000000000	1.28481779563993936399
25000000000.00000000000000000000	1.28630603562690914998
26000000000.00000000000000000000	1.28767580136206927222
27000000000.00000000000000000000	1.28893950061191531198
28000000000.00000000000000000000	1.29010793252594124780
29000000000.00000000000000000000	1.29119054210876882394
30000000000.00000000000000000000	1.29219561237340929694
31000000000.00000000000000000000	1.29313043001436733803
32000000000.00000000000000000000	1.29400144718726006765
33000000000.00000000000000000000	1.29481437576758096064
34000000000.00000000000000000000	1.29557429205633822811
35000000000.00000000000000000000	1.29628572891646598464
36000000000.00000000000000000000	1.29695274197105625547
37000000000.00000000000000000000	1.29757896174538300826
38000000000.00000000000000000000	1.29816765511419052181
39000000000.00000000000000000000	1.29872176493421065402
40000000000.00000000000000000000	1.29924394847332869141
41000000000.00000000000000000000	1.29973661261548412149
42000000000.00000000000000000000	1.30020193708627185281
43000000000.00000000000000000000	1.30064190422905179290
44000000000.00000000000000000000	1.30105831932657789451
45000000000.00000000000000000000	1.30145282925480532121
46000000000.00000000000000000000	1.30182693758515033444
47000000000.00000000000000000000	1.30218202229906121481
48000000000.00000000000000000000	1.30251934234852506655
49000000000.00000000000000000000	1.30284005898048627081
50000000000.00000000000000000000	1.30314523867643794475
51000000000.00000000000000000000	1.30343586144740442023
52000000000.00000000000000000000	1.30371282976281865906
53000000000.00000000000000000000	1.30397698034303455294
54000000000.00000000000000000000	1.30422908801002490620
55000000000.00000000000000000000	1.30446986493716843292
56000000000.00000000000000000000	1.30469997407080473550
57000000000.00000000000000000000	1.30492003186288130223
58000000000.00000000000000000000	1.30513060813313885866
59000000000.00000000000000000000	1.30533223597042402631
60000000000.00000000000000000000	1.30552540704254660398
61000000000.00000000000000000000	1.30571058275289808570
62000000000.00000000000000000000	1.30588819494525743004
63000000000.00000000000000000000	1.30605864536745652771
64000000000.00000000000000000000	1.30622230662005445190
65000000000.00000000000000000000	1.30637953021241792761
66000000000.00000000000000000000	1.30653064689931830422
67000000000.00000000000000000000	1.30667596405860919617
68000000000.00000000000000000000	1.30681576909094432359
69000000000.00000000000000000000	1.30695033540493454893
70000000000.00000000000000000000	1.30707991501272147161
71000000000.00000000000000000000	1.30720474990239576840
72000000000.00000000000000000000	1.30732506489184219234
73000000000.00000000000000000000	1.30744107163412848216
74000000000.00000000000000000000	1.30755296995376157909
75000000000.00000000000000000000	1.30766094863064830101
76000000000.00000000000000000000	1.30776518600668434367
77000000000.00000000000000000000	1.30786585014908762759
78000000000.00000000000000000000	1.30796309897135598632
79000000000.00000000000000000000	1.30805708336755399657
80000000000.00000000000000000000	1.30814794437762249579
81000000000.00000000000000000000	1.30823581754574336244
82000000000.00000000000000000000	1.30832082865667964633
83000000000.00000000000000000000	1.30840309956452993667
84000000000.00000000000000000000	1.30848274451895596471
85000000000.00000000000000000000	1.30855987074250612601
86000000000.00000000000000000000	1.30863458252618580779
87000000000.00000000000000000000	1.30870697751725728608
88000000000.00000000000000000000	1.30877714829476721192
89000000000.00000000000000000000	1.30884518346818157220
90000000000.00000000000000000000	1.30891116665302109645
91000000000.00000000000000000000	1.30897517878204738828
92000000000.00000000000000000000	1.30903729445957273114
93000000000.00000000000000000000	1.30909758843370105375
94000000000.00000000000000000000	1.30915612760277899618
95000000000.00000000000000000000	1.30921297947855852506
96000000000.00000000000000000000	1.30926820593331072473
97000000000.00000000000000000000	1.30932186766108804576
98000000000.00000000000000000000	1.30937402168806782399
99000000000.00000000000000000000	1.30942472293949041529
100000000000.00000000000000000000	1.30947402340663354714

